seed = 12

[data]
path = 'data/tabular_split_6'
y_policy = 'mean_std'

[fit]
early_stopping_rounds = 50
verbose = false

[model]
alpha = 0.0007428337534711929
booster = 'gbtree'
colsample_bylevel = 0.5701365825483449
colsample_bytree = 0.5299679609278181
gamma = 0
lambda = 0.2433519083697507
learning_rate = 0.08479388516129162
max_depth = 5
min_child_weight = 2.532355572814204
n_estimators = 2000
n_jobs = -1
subsample = 0.5383357898906427
tree_method = 'gpu_hist'
